------------Naive Bayes Classifier---------------

------------------------------------ 

              precision    recall  f1-score   support

           0       0.65      0.84      0.73       100
           2       0.92      0.84      0.88       100
           4       0.92      0.22      0.35       100
           6       0.86      0.86      0.86       100
           9       0.55      0.86      0.67       100

    accuracy                           0.72       500
   macro avg       0.78      0.72      0.70       500
weighted avg       0.78      0.72      0.70       500

Confusion Matrix:
    0   2   4   6   9
0  84   3   0   4   9
2  11  84   0   1   4
4  25   3  22   3  47
6   3   0   1  86  10
9   6   1   1   6  86

------------Multinomila Logistic Regression Classifier---------------

------------------------------------ 

              precision    recall  f1-score   support

           0       0.83      0.76      0.79       100
           2       0.93      0.88      0.90       100
           4       0.69      0.74      0.71       100
           6       0.92      0.83      0.87       100
           9       0.64      0.74      0.69       100

    accuracy                           0.79       500
   macro avg       0.80      0.79      0.79       500
weighted avg       0.80      0.79      0.79       500

Confusion Matrix:
    0   2   4   6   9
0  76   5   8   3   8
2   7  88   0   1   4
4   6   2  74   0  18
6   0   0   5  83  12
9   3   0  20   3  74

------------Support Vevtor Classifier---------------

------------------------------------ 

              precision    recall  f1-score   support

           0       0.85      0.77      0.81       100
           2       0.94      0.87      0.90       100
           4       0.77      0.65      0.71       100
           6       0.93      0.78      0.85       100
           9       0.59      0.88      0.71       100

    accuracy                           0.79       500
   macro avg       0.82      0.79      0.79       500
weighted avg       0.82      0.79      0.79       500

Confusion Matrix:
    0   2   4   6   9
0  77   5   6   3   9
2   6  87   0   1   6
4   5   1  65   0  29
6   0   0   6  78  16
9   3   0   7   2  88

------------CNN Classifier---------------
16/16 [==============================] - 0s 2ms/step

------------------------------------ 

              precision    recall  f1-score   support

           0       0.62      0.66      0.64       100
           2       0.68      0.68      0.68       100
           4       0.31      0.44      0.37       100
           6       0.00      0.00      0.00       100
           9       0.46      0.71      0.56       100

    accuracy                           0.50       500
   macro avg       0.42      0.50      0.45       500
weighted avg       0.42      0.50      0.45       500

Confusion Matrix:
    0   2   4  6   9
0  66  13   4  0  17
2  14  68   5  0  13
4  10  12  44  0  34
6   3   0  78  0  19
9  13   7   9  0  71

------------Bidirectional LSTM Classifier---------------
16/16 [==============================] - 2s 64ms/step

------------------------------------ 

              precision    recall  f1-score   support

           0       0.82      0.77      0.79       100
           2       0.86      0.92      0.89       100
           4       0.42      0.72      0.53       100
           6       0.00      0.00      0.00       100
           9       0.65      0.82      0.72       100

    accuracy                           0.65       500
   macro avg       0.55      0.65      0.59       500
weighted avg       0.55      0.65      0.59       500

Confusion Matrix:
    0   2   4  6   9
0  77  11   5  0   7
2   4  92   0  0   4
4   8   2  72  0  18
6   4   1  79  0  16
9   1   1  16  0  82